4294967278,121
4294967278,120
4294967278,119
4294967278,108
4294967278,104
4294967278,101
4294967278,63
4294967278,62
4294967278,61
4294967278,60
4294967278,59
4294967278,58
4294967279,76
4294967279,75
4294967279,73
4294967279,65
4294967279,64
4294967279,63
4294967279,62
4294967279,60
4294967279,57
4294967279,54
4294967279,51
4294967279,48
4294967279,45
4294967279,42
4294967279,40
4294967279,37
4294967279,35
4294967279,32
4294967279,31
4294967279,29
4294967279,24
4294967279,22
4294967279,19
4294967279,18
4294967279,15
4294967279,9
4294967279,8
4294967279,7
4294967279,6
4294967279,5
4294967279,4
4294967293,131
4294967293,130
4294967293,129
4294967293,128
4294967293,127
4294967293,126
4294967293,125
4294967293,124
4294967293,123
4294967293,122
4294967293,121
4294967293,120
4294967293,119
4294967293,118
4294967293,117
4294967293,116
4294967293,115
4294967293,114
4294967293,113
4294967293,112
4294967293,111
4294967293,110
4294967293,109
4294967293,108
4294967293,107
4294967293,106
4294967293,105
4294967293,104
4294967293,103
4294967293,102
4294967293,101
4294967293,100
4294967293,99
4294967293,98
4294967293,97
4294967293,96
4294967293,95
4294967293,94
4294967293,93
4294967293,92
4294967293,91
4294967293,90
4294967293,89
4294967293,87
4294967293,86
4294967293,85
4294967293,84
4294967293,83
4294967293,82
4294967293,81
4294967293,80
4294967293,79
4294967293,78
4294967293,77
4294967293,76
4294967293,75
4294967293,74
4294967293,73
4294967293,72
4294967293,71
4294967293,70
4294967293,69
4294967293,68
4294967293,67
4294967293,66
4294967293,65
4294967293,64
4294967293,63
4294967293,62
4294967293,61
4294967293,60
4294967293,59
4294967293,58
4294967293,57
4294967293,56
4294967293,55
4294967293,54
4294967293,53
4294967293,52
4294967293,51
4294967293,50
4294967293,49
4294967293,48
4294967293,47
4294967293,46
4294967293,45
4294967293,44
4294967293,43
4294967293,42
4294967293,41
4294967293,40
4294967293,39
4294967293,38
4294967293,37
4294967293,36
4294967293,35
4294967293,34
4294967293,33
4294967293,32
4294967293,31
4294967293,30
4294967293,29
4294967293,28
4294967293,27
4294967293,26
4294967293,25
4294967293,24
4294967293,23
4294967293,22
4294967293,21
4294967293,20
4294967293,19
4294967293,18
4294967293,17
4294967293,16
4294967293,15
4294967293,14
4294967293,13
4294967293,12
4294967293,11
4294967293,10
4294967293,9
4294967293,8
4294967293,7
4294967293,6
4294967293,5
4294967293,4
4294967293,3
4294967279,97
4294967279,96
4294967279,94
4294967279,93
4294967279,92
4294967279,91
4294967279,90
4294967279,85
4294967279,83
4294967279,80
4294967279,227
4294967279,225
4294967279,222
4294967279,220
4294967278,218
4294967279,218
4294967279,216
4294967279,280
4294967279,214
4294967279,213
4294967278,211
4294967279,212
4294967278,210
4294967279,211
4294967278,209
4294967279,210
4294967279,209
4294967279,95
4294967279,318
4294967279,207
4294967278,205
4294967279,205
4294967279,204
4294967279,203
4294967279,89
4294967279,316
4294967278,339
4294967279,87
4294967279,411
4294967279,86
4294967279,315
4294967279,199
4294967278,308
4294967279,198
4294967279,454
4294967279,84
4294967279,197
4294967278,387
4294967279,82
4294967279,312
4294967279,81
4294967279,438
4294967278,307
71,6
71,5
71,4
71,3
71,2
71,1
4294967278,386
4294967278,337
4294967278,336
4294967278,186
4294967279,308
4294967279,186
4294967279,453
4294967278,303
4294967279,182
4294967279,181
4294967278,178
4294967279,406
4294967279,176
4294967278,173
68,4
4294967278,172
68,3
68,2
68,1
4294967278,171
4294967279,171
67,4
67,3
67,2
67,1
4294967294,1427
4294967279,166
4294967279,428
4294967294,1242
66,6
4294967294,1245
4294967278,162
4294967294,395
4294967294,409
4294967294,178
4294967294,398
4294967294,1083
4294967294,468
4294967294,400
4294967294,410
4294967294,112
4294967278,356
4294967278,333
66,5
4294967278,161
4294967278,160
66,4
4294967279,161
66,3
66,2
66,1
4294967279,431
4294967278,159
4294967279,160
4294967278,158
4294967278,157
4294967278,293
4294967279,157
4294967278,156
65,5
4294967279,155
4294967278,154
4294967279,154
65,4
4294967278,153
65,3
65,2
65,1
4294967279,153
4294967278,152
4294967279,151
4294967294,1087
4294967278,148
4294967279,149
64,5
4294967279,452
4294967278,146
64,4
4294967279,146
64,3
64,2
64,1
4294967278,145
4294967279,145
4294967278,144
4294967279,142
4294967278,289
4294967278,142
63,5
4294967278,358
63,4
4294967278,139
63,3
63,2
63,1
4294967278,288
4294967278,138
4294967278,137
4294967278,327
4294967279,277
4294967278,135
62,4
4294967279,135
62,3
62,2
62,1
4294967279,134
4294967278,134
4294967279,133
4294967278,274
4294967279,425
4294967278,284
4294967279,395
4294967278,273
4294967279,283
4294967278,351
4294967279,424
4294967278,285
4294967279,289
4294967278,283
